{
 "cells": [
  {
   "cell_type": "markdown",
   "source": [
    "# Week 2 - Sampling & Reliability\n",
    "\n",
    "Up until this week, we have assumed that the corpus you have used for analysis assignments represented a *meaningful* assemblage of texts from which reasonable inferences could be drawn about the social game, social world and social actors that produced it. \n",
    "\n",
    "This week, we ask you to build a corpus for preliminary analysis and articulate what your sample represents in context of your final project. We begin by exploring how we can get *human* readings of content at scale. We want to gather and utilize human responses for several reasons. First, we may want to use crowdsourced human scores as the primary method of coding, extracting or organizing content (as it was in two of the assigned readings). Second, we may want to validate or tune a computational algorithm we may have developed in terms of how it is associated with human meanings or experience. Finally, we may want to use human coding on a sample of data as the basis for training a model or algorithm to then extrapolate *human-like* annotations to the entire population. Here intelligent sampling is critical to maximize effective maching training. \n",
    "\n",
    "For this notebook we will be using the following packages"
   ],
   "metadata": {
    "collapsed": false
   }
  },
  {
   "cell_type": "code",
   "execution_count": null,
   "outputs": [],
   "source": [
    "#Special module written for this class\n",
    "#This provides access to data and to helper functions from previous weeks\n",
    "#Make sure you update it before starting this notebook\n",
    "import lucem_illud_2020 #pip install -U git+git://github.com/Computational-Content-Analysis-2020/lucem_illud_2020.git\n",
    "\n",
    "#All these packages need to be installed from pip\n",
    "import numpy as np #For arrays\n",
    "import scipy as sp #For some stats\n",
    "import pandas #Gives us DataFrames\n",
    "import matplotlib.pyplot as plt #For graphics\n",
    "import seaborn #Makes the graphics look nicer\n",
    "import pyanno #On python3 make sure to pip install pyanno3\n",
    "\n",
    "#We need to import these this way due to how pyanno is setup\n",
    "from pyanno.measures import pairwise_matrix, agreement, cohens_kappa, cohens_weighted_kappa, fleiss_kappa, krippendorffs_alpha, pearsons_rho, scotts_pi, spearmans_rho\n",
    "from pyanno.annotations import AnnotationsContainer\n",
    "from pyanno.models import ModelA, ModelBt, ModelB\n",
    "\n",
    "from functools import reduce\n",
    "from itertools import permutations\n",
    "import math\n",
    "\n",
    "\n",
    "#This 'magic' command makes the plots work better\n",
    "#in the notebook, don't use it outside of a notebook.\n",
    "#Also you can ignore the warning\n",
    "%matplotlib inline\n",
    "\n",
    "import os #For looking through files\n",
    "import os.path #For managing file paths"
   ],
   "metadata": {
    "collapsed": false,
    "pycharm": {
     "name": "#%%\n"
    }
   }
  },
  {
   "cell_type": "markdown",
   "source": [
    "## <span style=\"color:red\">*Pitch the Domain of your Project*</span>\n",
    "\n",
    "<span style=\"color:red\">In the two cells immediately following, describe **WHAT** you are planning to analyze for your final project (i.e., texts, contexts and the social game, world and actors you intend to learn about through your analysis) (<200 words) and **WHY** you are going to do it (i.e., why would theory and/or the average person benefit from knowing the results of your investigation) (<200 words)? [**Note**: your individual or collective project can change over the course of the quarter if new data and/or analysis opportunities arise or if old ones fade away.]"
   ],
   "metadata": {
    "collapsed": false
   }
  },
  {
   "cell_type": "markdown",
   "source": [
    "## ***What?*** \n",
    "\n",
    "I'm planning to analyze online profiles (likely from Twitter) to predict their behavioral traits.\n",
    "I will be analyzing behaviour by using a Jungian personality archetype framework - in which\n",
    "personality can be classified into 16 types. The profile data I plan to collect will consist of\n",
    "a persons \"likes\", own tweets and retweets, and the list of followers. Crucially, the profiles\n",
    "that I plan to scrape will be self-tagged by personality (ie they declare their type), which is one\n",
    "of 16 possible. This provides us the labels needed for a classifier."
   ],
   "metadata": {
    "collapsed": false
   }
  },
  {
   "cell_type": "markdown",
   "source": [
    "## ***Why?***\n",
    "Jungian personality archetypes are enormously popular in popular culture as many see them as accurate\n",
    "in their analysis. The trait framework is similar to that of the Big-5 and can be used for\n",
    "predictive analysis of behavior (t is also highly popular in organizational psychology/industry).\n",
    "As this conception of personality type is regarded as 'innate' by theorists, this online-profile based\n",
    "methodology to predict type would serve as a useful theoretical construct to understand social behaviour and\n",
    "causality in online social networks."
   ],
   "metadata": {
    "collapsed": false
   }
  },
  {
   "cell_type": "markdown",
   "source": [
    "## <span style=\"color:red\">*Pitch Your Sample*</span>\n",
    "\n",
    "<span style=\"color:red\">In the cell immediately following, describe the rationale behind your proposed sample design for your final project. What is the social game, social work, or social actors about whom you are seeking to make inferences? What are its virtues with respect to your research questions? What are its limitations? What are alternatives? What would be a reasonable path to \"scale up\" your sample for further analysis (i.e., high-profile publication)? (<200 words)."
   ],
   "metadata": {
    "collapsed": false
   }
  },
  {
   "cell_type": "markdown",
   "source": [
    "The sample I plan to collect is profile data from Twitter which includes a person's \"likes\",\n",
    "tweets and followers. Personality traits would theoretically heavily influence a person's\n",
    "interests, information consumption patterns, and choice of social sphere in which they participate in.\n",
    "These factors would at least be partially captures by the kind of tweets people consume (and hence like),\n",
    "the kind of people they follow (the social game they participate in), and the kind of tweets they write.\n",
    "These should help us classify people's personalities. The primary limitations arise from the data\n",
    "being biased by the choice of social platform (as the choice of platform is linked with the social\n",
    "game being played). The alternative would be to include profiles from other websites as well (Reddit).\n",
    "Collecting more samples from a variety of different websites would be the best way to scale up the\n",
    "sample for further analysis."
   ],
   "metadata": {
    "collapsed": false
   }
  },
  {
   "cell_type": "markdown",
   "source": [
    "# Example Annotation Dataset"
   ],
   "metadata": {
    "collapsed": false
   }
  },
  {
   "cell_type": "markdown",
   "source": [
    "Load Rzhetsky et al (2009)'s sample dataset, which can be found [here](https://github.com/enthought/uchicago-pyanno/tree/master/data). This data is the result of a content analytic / content extraction study in which Andrey Rzhetsky and colleagues from the National Library of Medicine, published [here](http://journals.plos.org/ploscompbiol/article?id=10.1371/journal.pcbi.1000391) in [PLOS Computational Biology](http://journals.plos.org/ploscompbiol/), gave eight annotators 10,000 sentence chunks from biomedical text in biomedical abstracts and articles, then asked them, in a loop design schematically illustrated below that provided 3 independent codings for each document. The sampling strategy pursued diversity by drawing from PubMed abstracts (1000) and full-text articles (9000: 20% from abstracts, 10% from introductions, 20% from methods, 25% from results, and 25% from discussions.) The dataset extract here involves respondents codes for sentences in terms of their *Evidence*: {0, 1, 2, 3, -1} where 0 is the complete lack of evidence, 3 is direct evidence present within the sentence, and -1 is didn't respond. (They also crowdsourced and analyzed *polarity*, *certainty*, and *number*). For example, consider the following two abutting sentence chunks: *\"Because null mutations in toxR and toxT abolish CT and TcpA expression in the El Tor biotype and also attenuate virulence...\"* [i.e., average certainty = 0], *\"...it is likely that the ToxR regulon has functional similarities between the two biotypes despite the clear differences in the inducing parameters observed in vitro\"* [i.e., average certainty = 1].\""
   ],
   "metadata": {
    "collapsed": false
   }
  },
  {
   "cell_type": "code",
   "execution_count": null,
   "outputs": [],
   "source": [
    "%%html\n",
    "<img source=\"loopdesign.png\">"
   ],
   "metadata": {
    "collapsed": false,
    "pycharm": {
     "name": "#%%\n"
    }
   }
  },
  {
   "cell_type": "markdown",
   "source": [
    "[Click here for loop design](loopdesign.png)"
   ],
   "metadata": {
    "collapsed": false
   }
  },
  {
   "cell_type": "code",
   "execution_count": null,
   "outputs": [],
   "source": [
    "x = np.loadtxt(\"../data/pyAnno/testdata_numerical.txt\")\n",
    "anno = AnnotationsContainer.from_array(x, missing_values=[-1])"
   ],
   "metadata": {
    "collapsed": false,
    "pycharm": {
     "name": "#%%\n"
    }
   }
  },
  {
   "cell_type": "markdown",
   "source": [
    "Interrogate the AnnotationsContainer object."
   ],
   "metadata": {
    "collapsed": false
   }
  },
  {
   "cell_type": "code",
   "execution_count": null,
   "outputs": [],
   "source": [
    "anno.annotations"
   ],
   "metadata": {
    "collapsed": false,
    "pycharm": {
     "name": "#%%\n"
    }
   }
  },
  {
   "cell_type": "code",
   "execution_count": null,
   "outputs": [],
   "source": [
    "anno.labels"
   ],
   "metadata": {
    "collapsed": false,
    "pycharm": {
     "name": "#%%\n"
    }
   }
  },
  {
   "cell_type": "code",
   "execution_count": null,
   "outputs": [],
   "source": [
    "anno.missing_values"
   ],
   "metadata": {
    "collapsed": false,
    "pycharm": {
     "name": "#%%\n"
    }
   }
  },
  {
   "cell_type": "markdown",
   "source": [
    "# Annotation Statistics"
   ],
   "metadata": {
    "collapsed": false
   }
  },
  {
   "cell_type": "markdown",
   "source": [
    "First, we assume categorical codes...that each code is qualitatively distinct from each other. Two measures are primarily used for this: Scott's $\\pi$, Cohen's $\\kappa$, and Krippendorff's $\\alpha$ which each measure the extent of agreement between two annotators, but take into account the possibility of the agreement occurring by chance in slightly different ways. Any agreement measure begins with the frequency of codes:"
   ],
   "metadata": {
    "collapsed": false
   }
  },
  {
   "cell_type": "code",
   "execution_count": null,
   "outputs": [],
   "source": [
    "pyanno.measures.agreement.labels_frequency(anno.annotations,4)"
   ],
   "metadata": {
    "collapsed": false,
    "pycharm": {
     "name": "#%%\n"
    }
   }
  },
  {
   "cell_type": "markdown",
   "source": [
    "Now consider the \"confusion matrix\" or matrix of coded agreements between any two coders:"
   ],
   "metadata": {
    "collapsed": false
   }
  },
  {
   "cell_type": "code",
   "execution_count": null,
   "outputs": [],
   "source": [
    "c = pyanno.measures.agreement.confusion_matrix(anno.annotations[:,0], anno.annotations[:,1],4)\n",
    "print(c)\n",
    "ac = seaborn.heatmap(c)\n",
    "plt.show()"
   ],
   "metadata": {
    "collapsed": false,
    "pycharm": {
     "name": "#%%\n"
    }
   }
  },
  {
   "cell_type": "markdown",
   "source": [
    "Scott's $\\pi$ is computed as:\n",
    "\n",
    "$\\pi = \\frac{\\text{Pr}(a)-\\text{Pr}(e)}{1-\\text{Pr}(e)}$\n",
    "\n",
    "Where Pr($a$) is relative observed agreement, and Pr($e$) is expected agreement using joint proportions calculated from the confusion matrix or matrix of coded agreements between any two coders:"
   ],
   "metadata": {
    "collapsed": false
   }
  },
  {
   "cell_type": "code",
   "execution_count": null,
   "outputs": [],
   "source": [
    "scotts_pi(anno.annotations[:,0], anno.annotations[:,1])"
   ],
   "metadata": {
    "collapsed": false,
    "pycharm": {
     "name": "#%%\n"
    }
   }
  },
  {
   "cell_type": "markdown",
   "source": [
    "The generalization of Scott's $\\pi$ to $n$ coders is Fleiss' $\\kappa$ (Fleiss called it $\\kappa$ because he thought he was generalizing Cohen's $\\kappa$)"
   ],
   "metadata": {
    "collapsed": false
   }
  },
  {
   "cell_type": "code",
   "execution_count": null,
   "outputs": [],
   "source": [
    "fleiss_kappa(anno.annotations[::])"
   ],
   "metadata": {
    "collapsed": false,
    "pycharm": {
     "name": "#%%\n"
    }
   }
  },
  {
   "cell_type": "markdown",
   "source": [
    "Krippendorff's $\\alpha$ generalizes of Fleiss' $\\kappa$ to $n$ coders and takes into account the fact that annotations here are not categorically different, but ordinal, by adding a weight matrix in which off-diagonal cells contain weights indicating the seriousness of the disagreement between each score. When produced with no arguments, it simply produces an arithmetic distance (e.g., 3-1=2), such that cells one off the diagonal are weighted 1, two off 2, etc."
   ],
   "metadata": {
    "collapsed": false
   }
  },
  {
   "cell_type": "code",
   "execution_count": null,
   "outputs": [],
   "source": [
    "krippendorffs_alpha(anno.annotations[::])"
   ],
   "metadata": {
    "collapsed": false,
    "pycharm": {
     "name": "#%%\n"
    }
   }
  },
  {
   "cell_type": "markdown",
   "source": [
    "Like Scott's $\\pi$, Cohen's $\\kappa$ also takes into account the possibility of the agreement occurring by chance, but in the following way:\n",
    "\n",
    "$\\kappa = \\frac{p_o-p_e}{1-p_e}=1-\\frac{1-p_o}{p_e}$\n",
    "\n",
    "where $p_o$ is the relative observed agreement among raters, and $p_e$ is the hypothetical probability of chance agreement, using the observed data to calculate the probabilities of each observer randomly saying each category. If the raters are in complete agreement then $\\kappa = 1$. If there is no agreement among the raters other than what would be expected by chance (as given by $p_e$), $\\kappa ≤ 0 $. Here, Cohen's $\\kappa$ statistic for the first two annotators is computed. This is probably the most common metric of agreement."
   ],
   "metadata": {
    "collapsed": false
   }
  },
  {
   "cell_type": "code",
   "execution_count": null,
   "outputs": [],
   "source": [
    "cohens_kappa(anno.annotations[:,0], anno.annotations[:,1])"
   ],
   "metadata": {
    "collapsed": false,
    "pycharm": {
     "name": "#%%\n"
    }
   }
  },
  {
   "cell_type": "code",
   "execution_count": null,
   "outputs": [],
   "source": [
    "m = pairwise_matrix(cohens_kappa, anno.annotations)\n",
    "print(m)"
   ],
   "metadata": {
    "collapsed": false,
    "pycharm": {
     "name": "#%%\n"
    }
   }
  },
  {
   "cell_type": "code",
   "execution_count": null,
   "outputs": [],
   "source": [
    "ax = seaborn.heatmap(m)\n",
    "plt.show()"
   ],
   "metadata": {
    "collapsed": false,
    "pycharm": {
     "name": "#%%\n"
    }
   }
  },
  {
   "cell_type": "markdown",
   "source": [
    "You can see that this 8 by 3 loop design will be less stable than an 8 choose 3 combinatorial design, because each codes with more others. "
   ],
   "metadata": {
    "collapsed": false
   }
  },
  {
   "cell_type": "markdown",
   "source": [
    "One can also assess the average Cohen's $\\kappa$ for all pairs of coders that have coded against one another:"
   ],
   "metadata": {
    "collapsed": false
   }
  },
  {
   "cell_type": "code",
   "execution_count": null,
   "outputs": [],
   "source": [
    "def pairwise_metric_average(metric, array):\n",
    "    \"\"\"Calculate the pairwise metric average for the real elements of metric function run on an array of annotations\"\"\"\n",
    "    p = permutations(range(array[0,:].size),2)\n",
    "    m = [metric(array[:,x[0]], array[:,x[1]]) for x in p]\n",
    "    clean_m = [c for c in m if not math.isnan(c)]\n",
    "    return reduce(lambda a, b: a + b, clean_m)/len(clean_m)    \n",
    " \n",
    "pairwise_metric_average(cohens_kappa, anno.annotations)"
   ],
   "metadata": {
    "collapsed": false,
    "pycharm": {
     "name": "#%%\n"
    }
   }
  },
  {
   "cell_type": "markdown",
   "source": [
    "As recognized with Krippendorff's flexible $\\alpha$, our scores are *not* categorical, but rather ordered and her considered metric. Weighted $\\kappa$ allows you to count disagreements differently and is useful when codes are ordered as they are here. Here a weight matrix is added to the calculation, in which off-diagonal cells contain weights indicating the seriousness of the disagreement between each score. When automatically produced, it simply produces an arithmetic distance (e.g., 3-1=2), such that cells one off the diagonal are weighted 1, two off 2, etc. Here\n",
    "\n",
    "$\\kappa = 1-\\frac{\\sum^k_{i=1}\\sum^k_{j=1}w_{ij}x_{ij}}{\\sum^k_{i=1}\\sum^k_{j=1}w_{ij}m_{ij}}$\n",
    "\n",
    "where $\\kappa$ = $n$ codes and $w_{ij}$,$x_{ij}$, and $m_{ij}$ represent elements in the weight, observed, and expected matrices, respectively. (Obviously, when diagonal cells contain weights of 0 and off-diagonal cells weights of 1, this equals $\\kappa$)."
   ],
   "metadata": {
    "collapsed": false
   }
  },
  {
   "cell_type": "code",
   "execution_count": null,
   "outputs": [],
   "source": [
    "cohens_weighted_kappa(anno.annotations[:,0], anno.annotations[:,1])"
   ],
   "metadata": {
    "collapsed": false,
    "pycharm": {
     "name": "#%%\n"
    }
   }
  },
  {
   "cell_type": "markdown",
   "source": [
    "Or averaged over the total:"
   ],
   "metadata": {
    "collapsed": false
   }
  },
  {
   "cell_type": "code",
   "execution_count": null,
   "outputs": [],
   "source": [
    "pairwise_metric_average(cohens_weighted_kappa,anno.annotations)"
   ],
   "metadata": {
    "collapsed": false,
    "pycharm": {
     "name": "#%%\n"
    }
   }
  },
  {
   "cell_type": "markdown",
   "source": [
    "Alternatively, if the annontation data can be understood as indicating real values, we can assess not agreement, but rather the correlation of values (Pearson's $\\rho$) or correlation of ranks (Spearman's $\\rho$) for pairs of coders:"
   ],
   "metadata": {
    "collapsed": false
   }
  },
  {
   "cell_type": "code",
   "execution_count": null,
   "outputs": [],
   "source": [
    "n = pairwise_matrix(pearsons_rho, anno.annotations)\n",
    "m = pairwise_matrix(spearmans_rho, anno.annotations)\n",
    "an = seaborn.heatmap(n)\n",
    "plt.show()\n",
    "am = seaborn.heatmap(m)\n",
    "plt.show()"
   ],
   "metadata": {
    "collapsed": false,
    "pycharm": {
     "name": "#%%\n"
    }
   }
  },
  {
   "cell_type": "markdown",
   "source": [
    "Or averaged over all comparable pairs:"
   ],
   "metadata": {
    "collapsed": false
   }
  },
  {
   "cell_type": "code",
   "execution_count": null,
   "outputs": [],
   "source": [
    "print(pairwise_metric_average(pearsons_rho,anno.annotations), pairwise_metric_average(spearmans_rho,anno.annotations))"
   ],
   "metadata": {
    "collapsed": false,
    "pycharm": {
     "name": "#%%\n"
    }
   }
  },
  {
   "cell_type": "markdown",
   "source": [
    "## <span style=\"color:red\">*Your turn*</span>\n",
    "\n",
    "<span style=\"color:red\">Perform a content annotation survey of some kind in which at least 3 people evaluate and code each piece of content, using Amazon Mechanical Turk as described in the MTurk slides in the Assignment link on Canvas, or by hand with friends.  With the resulting data, calculate, visualize and discuss inter-coder agreement or covariation with appropriate metrics. What does this means for the reliability of human assessments regarding content in your domain?"
   ],
   "metadata": {
    "collapsed": false
   }
  },
  {
   "cell_type": "markdown",
   "source": [
    "The data for this section was obtained from MTurk. The HIT was to rate Twitter profiles on a five point scale\n",
    "where 1 corresponded to \"highly artificial/possibly a bot\" to 5 - natural, highly life-like, realistic."
   ],
   "metadata": {
    "collapsed": false
   }
  },
  {
   "cell_type": "code",
   "execution_count": null,
   "outputs": [],
   "source": [
    "data = pandas.read_csv(\"Rate Twitter profile natural-ness (Responses) - Form Responses 1.csv\")\n",
    "data.drop('Timestamp', axis = 1, inplace= True)\n",
    "data.columns = [i for i in range(0,8)]"
   ],
   "metadata": {
    "collapsed": false,
    "pycharm": {
     "name": "#%%\n"
    }
   }
  },
  {
   "cell_type": "code",
   "execution_count": null,
   "outputs": [],
   "source": [
    "print(data)\n",
    "x = np.array(data).T\n",
    "mtAnno = AnnotationsContainer.from_array(x)"
   ],
   "metadata": {
    "collapsed": false,
    "pycharm": {
     "name": "#%%\n"
    }
   }
  },
  {
   "cell_type": "code",
   "execution_count": null,
   "outputs": [],
   "source": [
    "mtAnno.labels"
   ],
   "metadata": {
    "collapsed": false,
    "pycharm": {
     "name": "#%%\n"
    }
   }
  },
  {
   "cell_type": "markdown",
   "source": [
    "# Statistics"
   ],
   "metadata": {
    "collapsed": false
   }
  },
  {
   "cell_type": "code",
   "execution_count": null,
   "outputs": [],
   "source": [
    "pyanno.measures.agreement.labels_frequency(mtAnno.annotations, 5)"
   ],
   "metadata": {
    "collapsed": false,
    "pycharm": {
     "name": "#%%\n"
    }
   }
  },
  {
   "cell_type": "markdown",
   "source": [
    "Confusion matrix between #2 and #3"
   ],
   "metadata": {
    "collapsed": false
   }
  },
  {
   "cell_type": "code",
   "execution_count": null,
   "outputs": [],
   "source": [
    "c = pyanno.measures.agreement.confusion_matrix(mtAnno.annotations[:,2], mtAnno.annotations[:,1],5)\n",
    "print(c)\n",
    "ac = seaborn.heatmap(c)\n",
    "plt.show()"
   ],
   "metadata": {
    "collapsed": false,
    "pycharm": {
     "name": "#%%\n"
    }
   }
  },
  {
   "cell_type": "markdown",
   "source": [
    "Scott's Pi pairwise plot:"
   ],
   "metadata": {
    "collapsed": false
   }
  },
  {
   "cell_type": "code",
   "execution_count": null,
   "outputs": [],
   "source": [
    "m = pairwise_matrix(scotts_pi, mtAnno.annotations)\n",
    "print(m)"
   ],
   "metadata": {
    "collapsed": false,
    "pycharm": {
     "name": "#%%\n"
    }
   }
  },
  {
   "cell_type": "code",
   "execution_count": null,
   "outputs": [],
   "source": [
    "ax = seaborn.heatmap(m)\n",
    "plt.show()"
   ],
   "metadata": {
    "collapsed": false,
    "pycharm": {
     "name": "#%%\n"
    }
   }
  },
  {
   "cell_type": "markdown",
   "source": [
    "Fleiss Kappa:"
   ],
   "metadata": {
    "collapsed": false
   }
  },
  {
   "cell_type": "code",
   "execution_count": null,
   "outputs": [],
   "source": [
    "fleiss_kappa(mtAnno.annotations[::])"
   ],
   "metadata": {
    "collapsed": false,
    "pycharm": {
     "name": "#%%\n"
    }
   }
  },
  {
   "cell_type": "markdown",
   "source": [
    "Krippendorff's Alpha:\n",
    "This is the most relevant one for our sample, as we use a Likert scale (closer numbers are closer categories)"
   ],
   "metadata": {
    "collapsed": false
   }
  },
  {
   "cell_type": "code",
   "execution_count": null,
   "outputs": [],
   "source": [
    "krippendorffs_alpha(mtAnno.annotations[:,:])"
   ],
   "metadata": {
    "collapsed": false,
    "pycharm": {
     "name": "#%%\n"
    }
   }
  },
  {
   "cell_type": "markdown",
   "source": [
    "Cohen's Kappa pairwise plot:"
   ],
   "metadata": {
    "collapsed": false
   }
  },
  {
   "cell_type": "code",
   "execution_count": null,
   "outputs": [],
   "source": [
    "m = pairwise_matrix(cohens_kappa, mtAnno.annotations)\n",
    "print(m)"
   ],
   "metadata": {
    "collapsed": false,
    "pycharm": {
     "name": "#%%\n"
    }
   }
  },
  {
   "cell_type": "code",
   "execution_count": null,
   "outputs": [],
   "source": [
    "ax = seaborn.heatmap(m)\n",
    "plt.show()"
   ],
   "metadata": {
    "collapsed": false,
    "pycharm": {
     "name": "#%%\n"
    }
   }
  },
  {
   "cell_type": "markdown",
   "source": [
    "Cohen's weighted kappa average:"
   ],
   "metadata": {
    "collapsed": false
   }
  },
  {
   "cell_type": "code",
   "execution_count": null,
   "outputs": [],
   "source": [
    "m = pairwise_matrix(cohens_weighted_kappa, mtAnno.annotations)\n",
    "print(m)"
   ],
   "metadata": {
    "collapsed": false,
    "pycharm": {
     "name": "#%%\n"
    }
   }
  },
  {
   "cell_type": "code",
   "execution_count": null,
   "outputs": [],
   "source": [
    "ax = seaborn.heatmap(m)\n",
    "plt.show()"
   ],
   "metadata": {
    "collapsed": false,
    "pycharm": {
     "name": "#%%\n"
    }
   }
  },
  {
   "cell_type": "markdown",
   "source": [
    "Average:"
   ],
   "metadata": {
    "collapsed": false
   }
  },
  {
   "cell_type": "code",
   "execution_count": null,
   "outputs": [],
   "source": [
    "pairwise_metric_average(cohens_weighted_kappa,mtAnno.annotations)"
   ],
   "metadata": {
    "collapsed": false,
    "pycharm": {
     "name": "#%%\n"
    }
   }
  },
  {
   "cell_type": "markdown",
   "source": [
    "Pearson and spearman correlation plots:"
   ],
   "metadata": {
    "collapsed": false
   }
  },
  {
   "cell_type": "code",
   "execution_count": null,
   "outputs": [],
   "source": [
    "n = pairwise_matrix(pearsons_rho, mtAnno.annotations)\n",
    "m = pairwise_matrix(spearmans_rho, mtAnno.annotations)\n",
    "an = seaborn.heatmap(n)\n",
    "plt.show()\n",
    "am = seaborn.heatmap(m)\n",
    "plt.show()"
   ],
   "metadata": {
    "collapsed": false,
    "pycharm": {
     "name": "#%%\n"
    }
   }
  },
  {
   "cell_type": "markdown",
   "source": [
    "Averages:"
   ],
   "metadata": {
    "collapsed": false
   }
  },
  {
   "cell_type": "code",
   "execution_count": null,
   "outputs": [],
   "source": [
    "print(pairwise_metric_average(pearsons_rho,mtAnno.annotations), pairwise_metric_average(spearmans_rho,mtAnno.annotations))"
   ],
   "metadata": {
    "collapsed": false,
    "pycharm": {
     "name": "#%%\n"
    }
   }
  },
  {
   "cell_type": "markdown",
   "source": [
    "# Discussion\n",
    "\n",
    "The statistics above indicate that overall, the coders do not seem to agree with one another very much. The average correlation and similarity coefficients are not very high,\n",
    "even when the distances are weighted to account for closer and larger dissimilarities.\n",
    "\n",
    "Fleiss kappa: -0.02310231023102316 - indicates worse than chance agreement (!), when classes are considered equally dissimilar.\n",
    "\n",
    "Krippendoff's alpha: 0.001004520341536752 - not much improvement over Fleiss Kappa.\n",
    "\n",
    "Cohen's weighted kappa: 0.037147213811300504\n",
    "\n",
    "The pairwise plots show that while some of the coders agree with each other consistently over others (2 & 3, 4 & 5), the average is brought down\n",
    "due to highly dissimilar scoring by #1 and the other coders, and also a general lack of agreement between others.\n",
    "\n",
    "The spearman correlation coeffient (which is more appropriate than the pearson correlation coefficient in this scenario),\n",
    "indicates that there is certainly some sense of ordinality amongst the coders.\n",
    "\n",
    "# Implications\n",
    "\n",
    "This lack of agreement has two primary sources: Poor efforts by the MTurk workers and general subjectivity of the\n",
    "task which leads to different opinions.\n",
    "\n",
    "1) A manual inspection of the coder responses vs 'rational' choice revealed that #1 likely never paid any attention\n",
    "to the task, especially towards after the first few responses.\n",
    "\n",
    "2) Much of the variation in the codings could be attributed to different (but valid) interpretations of the instructions\n",
    "given for the task (the meaning of 'realistic', 'fake' has multiple meanings. Some of the variation could, of course, have been random error.\n",
    "\n",
    "Note that despite the lack of agreement, a manual inspection revealed that most (4/5) made accurate, or otherwise justifiable choices that contained useful information.\n",
    "Overall, the implications for this domain are that\n",
    "1) A large amount of 'natural' variation resulting due to participant subjectivity is expected, more so than visual object classification tasks.\n",
    "2) Exclusion of coders who consistently make 'obviously' wrong responses is necessary, and many could do so. In this sample we had 2/6 (one was exluded from dataset)."
   ],
   "metadata": {
    "collapsed": false
   }
  },
  {
   "cell_type": "markdown",
   "source": [
    "# Models"
   ],
   "metadata": {
    "collapsed": false
   }
  },
  {
   "cell_type": "markdown",
   "source": [
    "However, what if some coders are better than others. The prior measures all rely on the assumption that all coders are equally good. What if some are worse than others? Now we use Rzhetsky et al (2009) and Dawid & Skene's models to make inference about true label classes by downweighting bad or deviant coders. Pyanno provides three relevant models: ModelA, ModelB, and ModelBt. Model A can only be currently run on a balanced 8-coder design, but assesses accuracy purely based on agreement. Model B with $\\theta$s models the relationship between each coder and code. Model B is the Dawid & Skene model from the reading. The following image schematically suggests the relationship between the models. <img src=\"../data/models.png\">"
   ],
   "metadata": {
    "collapsed": false
   }
  },
  {
   "cell_type": "markdown",
   "source": [
    "The models should provide similar results. To estimate the parameters for any models, we first need to create a new model. "
   ],
   "metadata": {
    "collapsed": false
   }
  },
  {
   "cell_type": "code",
   "execution_count": 140,
   "outputs": [
    {
     "name": "stdout",
     "output_type": "stream",
     "text": [
      "[[[0.68699531 0.25897335 0.01594738 0.03808396]\n",
      "  [0.27730431 0.43272597 0.23798317 0.05198656]\n",
      "  [0.08105689 0.11550665 0.45152123 0.35191524]\n",
      "  [0.0430662  0.16420255 0.18410583 0.60862542]]\n",
      "\n",
      " [[0.63180404 0.14309483 0.04419947 0.18090166]\n",
      "  [0.21550077 0.53094543 0.17817981 0.07537399]\n",
      "  [0.08286372 0.11655762 0.64248642 0.15809224]\n",
      "  [0.12728478 0.17145094 0.2536656  0.44759868]]\n",
      "\n",
      " [[0.70500636 0.13381165 0.10814832 0.05303367]\n",
      "  [0.07264782 0.68807925 0.09177041 0.14750252]\n",
      "  [0.02024381 0.23425402 0.62219283 0.12330934]\n",
      "  [0.01805296 0.23106942 0.31431829 0.43655933]]\n",
      "\n",
      " [[0.74655151 0.12111634 0.10856874 0.02376341]\n",
      "  [0.15768927 0.70300774 0.05433066 0.08497232]\n",
      "  [0.12058744 0.05349974 0.6859289  0.13998391]\n",
      "  [0.09522217 0.10157409 0.07283015 0.73037358]]\n",
      "\n",
      " [[0.69355323 0.21778014 0.07208137 0.01658526]\n",
      "  [0.23281432 0.52571457 0.13201503 0.10945608]\n",
      "  [0.17950186 0.08688236 0.62838906 0.10522672]\n",
      "  [0.02835188 0.07165611 0.08591828 0.81407373]]\n",
      "\n",
      " [[0.65778904 0.1553755  0.14120135 0.04563411]\n",
      "  [0.15506945 0.70920814 0.03130151 0.1044209 ]\n",
      "  [0.05910959 0.23728087 0.58213677 0.12147277]\n",
      "  [0.02408373 0.03743024 0.13785677 0.80062926]]\n",
      "\n",
      " [[0.79997961 0.06769227 0.07317432 0.0591538 ]\n",
      "  [0.19310087 0.53737886 0.1669714  0.10254888]\n",
      "  [0.07993213 0.13089712 0.56132146 0.22784929]\n",
      "  [0.05090278 0.10028746 0.19745242 0.65135734]]\n",
      "\n",
      " [[0.7508761  0.18507283 0.06254816 0.00150292]\n",
      "  [0.09619521 0.62290923 0.18619678 0.09469879]\n",
      "  [0.01894741 0.18111789 0.6848064  0.1151283 ]\n",
      "  [0.05204793 0.05624799 0.06181471 0.82988937]]]\n",
      "-2867.5719660318427\n"
     ]
    }
   ],
   "source": [
    "# create a new instance of model A, with 4 label classes\n",
    "model = ModelB.create_initial_state(4, 8)\n",
    "# other model parameters are initialized from the model prior\n",
    "print(model.theta)\n",
    "print(model.log_likelihood(anno.annotations))"
   ],
   "metadata": {
    "collapsed": false,
    "pycharm": {
     "name": "#%%\n"
    }
   }
  },
  {
   "cell_type": "code",
   "execution_count": 141,
   "outputs": [],
   "source": [
    "samples = model.sample_posterior_over_accuracy(anno.annotations, 200, burn_in_samples=100, thin_samples=3)"
   ],
   "metadata": {
    "collapsed": false,
    "pycharm": {
     "name": "#%%\n"
    }
   }
  },
  {
   "cell_type": "markdown",
   "source": [
    "Pyanno allows one to use either MLE (maximum likelihood estimation) or MAP (maximum a posteriori estimation) to estimate model parameters. Note that the parameters here correspond to our estimation of the accuracy of each annotator."
   ],
   "metadata": {
    "collapsed": false
   }
  },
  {
   "cell_type": "code",
   "execution_count": 142,
   "outputs": [
    {
     "name": "stdout",
     "output_type": "stream",
     "text": [
      "[[[7.73398728e-01 2.01020245e-01 2.55810269e-02 1.20101219e-26]\n",
      "  [1.47832659e-01 7.11503767e-01 7.66499157e-02 6.40136580e-02]\n",
      "  [1.97431020e-02 1.48708709e-01 6.96639326e-01 1.34908863e-01]\n",
      "  [2.52463780e-18 2.13647377e-02 8.51550428e-02 8.93480220e-01]]\n",
      "\n",
      " [[7.19395465e-01 2.01828761e-01 7.87757734e-02 1.55486964e-13]\n",
      "  [1.33941799e-01 7.07223261e-01 1.10418200e-01 4.84167403e-02]\n",
      "  [2.72093282e-02 1.65178369e-01 6.71232700e-01 1.36379603e-01]\n",
      "  [2.15358721e-30 5.38211823e-02 1.21871740e-01 8.24307077e-01]]\n",
      "\n",
      " [[8.50073137e-01 1.22955501e-01 2.69713621e-02 3.64395738e-42]\n",
      "  [8.93514251e-02 7.89280333e-01 8.93429608e-02 3.20252811e-02]\n",
      "  [6.11638366e-02 1.29121422e-01 7.03992731e-01 1.05722011e-01]\n",
      "  [6.53666390e-03 5.12606512e-02 2.10869595e-01 7.31333090e-01]]\n",
      "\n",
      " [[6.99612801e-01 2.70976969e-01 2.94102301e-02 8.57899704e-52]\n",
      "  [9.67171336e-02 7.62615701e-01 1.09523823e-01 3.11433425e-02]\n",
      "  [1.81150586e-02 1.45472330e-01 6.85587954e-01 1.50824657e-01]\n",
      "  [2.71897111e-47 2.98511124e-02 2.28749569e-01 7.41399319e-01]]\n",
      "\n",
      " [[8.11803144e-01 1.19373545e-01 6.88233110e-02 9.13991546e-49]\n",
      "  [1.24726986e-01 6.93211818e-01 1.47008725e-01 3.50524714e-02]\n",
      "  [1.10580622e-02 2.13907919e-01 6.46719976e-01 1.28314044e-01]\n",
      "  [6.58948915e-52 5.98095047e-02 1.82979139e-01 7.57211357e-01]]\n",
      "\n",
      " [[7.71186748e-01 2.05349662e-01 2.34635900e-02 1.87519848e-51]\n",
      "  [1.10920303e-01 6.98703449e-01 1.62586425e-01 2.77898237e-02]\n",
      "  [2.69432947e-02 1.74971748e-01 6.58688648e-01 1.39396309e-01]\n",
      "  [1.04070689e-20 8.19488668e-02 1.50728042e-01 7.67323091e-01]]\n",
      "\n",
      " [[7.77751875e-01 1.41612394e-01 8.06357307e-02 7.49343463e-22]\n",
      "  [1.14108703e-01 6.72056519e-01 1.68346177e-01 4.54886006e-02]\n",
      "  [1.60943993e-02 1.18997632e-01 7.24591200e-01 1.40316769e-01]\n",
      "  [9.41957786e-52 4.72911966e-02 1.30538454e-01 8.22170350e-01]]\n",
      "\n",
      " [[8.52754118e-01 1.18087361e-01 2.91585215e-02 1.95577162e-42]\n",
      "  [1.29319568e-01 6.36012446e-01 1.95669325e-01 3.89986612e-02]\n",
      "  [2.96631200e-02 1.67273811e-01 6.42736730e-01 1.60326339e-01]\n",
      "  [1.03418107e-24 4.32627993e-02 1.13010804e-01 8.43726397e-01]]]\n",
      "-2625.8850676193924\n"
     ]
    }
   ],
   "source": [
    "model.map(anno.annotations)\n",
    "print(model.theta)\n",
    "print(model.log_likelihood(anno.annotations))"
   ],
   "metadata": {
    "collapsed": false,
    "pycharm": {
     "name": "#%%\n"
    }
   }
  },
  {
   "cell_type": "code",
   "execution_count": 143,
   "outputs": [
    {
     "name": "stdout",
     "output_type": "stream",
     "text": [
      "[[[7.73398728e-01 2.01020245e-01 2.55810269e-02 1.20101219e-26]\n",
      "  [1.47832659e-01 7.11503767e-01 7.66499157e-02 6.40136580e-02]\n",
      "  [1.97431020e-02 1.48708709e-01 6.96639326e-01 1.34908863e-01]\n",
      "  [2.52463780e-18 2.13647377e-02 8.51550428e-02 8.93480220e-01]]\n",
      "\n",
      " [[7.19395465e-01 2.01828761e-01 7.87757734e-02 1.55486964e-13]\n",
      "  [1.33941799e-01 7.07223261e-01 1.10418200e-01 4.84167403e-02]\n",
      "  [2.72093282e-02 1.65178369e-01 6.71232700e-01 1.36379603e-01]\n",
      "  [2.15358721e-30 5.38211823e-02 1.21871740e-01 8.24307077e-01]]\n",
      "\n",
      " [[8.50073137e-01 1.22955501e-01 2.69713621e-02 3.64395738e-42]\n",
      "  [8.93514251e-02 7.89280333e-01 8.93429608e-02 3.20252811e-02]\n",
      "  [6.11638366e-02 1.29121422e-01 7.03992731e-01 1.05722011e-01]\n",
      "  [6.53666390e-03 5.12606512e-02 2.10869595e-01 7.31333090e-01]]\n",
      "\n",
      " [[6.99612801e-01 2.70976969e-01 2.94102301e-02 8.57899704e-52]\n",
      "  [9.67171336e-02 7.62615701e-01 1.09523823e-01 3.11433425e-02]\n",
      "  [1.81150586e-02 1.45472330e-01 6.85587954e-01 1.50824657e-01]\n",
      "  [2.71897111e-47 2.98511124e-02 2.28749569e-01 7.41399319e-01]]\n",
      "\n",
      " [[8.11803144e-01 1.19373545e-01 6.88233110e-02 9.13991546e-49]\n",
      "  [1.24726986e-01 6.93211818e-01 1.47008725e-01 3.50524714e-02]\n",
      "  [1.10580622e-02 2.13907919e-01 6.46719976e-01 1.28314044e-01]\n",
      "  [6.58948915e-52 5.98095047e-02 1.82979139e-01 7.57211357e-01]]\n",
      "\n",
      " [[7.71186748e-01 2.05349662e-01 2.34635900e-02 1.87519848e-51]\n",
      "  [1.10920303e-01 6.98703449e-01 1.62586425e-01 2.77898237e-02]\n",
      "  [2.69432947e-02 1.74971748e-01 6.58688648e-01 1.39396309e-01]\n",
      "  [1.04070689e-20 8.19488668e-02 1.50728042e-01 7.67323091e-01]]\n",
      "\n",
      " [[7.77751875e-01 1.41612394e-01 8.06357307e-02 7.49343463e-22]\n",
      "  [1.14108703e-01 6.72056519e-01 1.68346177e-01 4.54886006e-02]\n",
      "  [1.60943993e-02 1.18997632e-01 7.24591200e-01 1.40316769e-01]\n",
      "  [9.41957786e-52 4.72911966e-02 1.30538454e-01 8.22170350e-01]]\n",
      "\n",
      " [[8.52754118e-01 1.18087361e-01 2.91585215e-02 1.95577162e-42]\n",
      "  [1.29319568e-01 6.36012446e-01 1.95669325e-01 3.89986612e-02]\n",
      "  [2.96631200e-02 1.67273811e-01 6.42736730e-01 1.60326339e-01]\n",
      "  [1.03418107e-24 4.32627993e-02 1.13010804e-01 8.43726397e-01]]]\n",
      "-2625.8850676193924\n"
     ]
    }
   ],
   "source": [
    "model = ModelB.create_initial_state(4, 8)\n",
    "model.map(anno.annotations)\n",
    "print(model.theta)\n",
    "print(model.log_likelihood(anno.annotations))"
   ],
   "metadata": {
    "collapsed": false,
    "pycharm": {
     "name": "#%%\n"
    }
   }
  },
  {
   "cell_type": "markdown",
   "source": [
    "Once we have model parameters estimated, we can now make inferences about the true label classes. We can calculate the posterior distribution over the true label classes."
   ],
   "metadata": {
    "collapsed": false
   }
  },
  {
   "cell_type": "code",
   "execution_count": 144,
   "outputs": [
    {
     "name": "stdout",
     "output_type": "stream",
